Flag	Index	Class	DBE	Neutral DBE	Formula	Adduct	Exp m/z	Mono Abund	Total Abund	Calc m/z	mDa Error	ppm Error	Kendrick m/z	KMD	Z Number	#C	#H	#N	#O	#S	H/C	N/C	O/C	S/C
+	 1 	HC	 17.0 	 17.0 	C22H12		 276.093411 	 3312960000.00 	 3994092168.00 	 276.093352 	 0.0592 	 0.2144 	 275.7851 	 0.2149 	 -32 	 22 	 12 	 0 	 0 	 0 	 0.5455 	 0.0000 	 0.0000 	 0.0000 
+	 2 	HC	 17.0 	 17.0 	C23H14		 290.109105 	 661957888.00 	 761247744.00 	 290.109002 	 -0.1031 	 -0.3555 	 289.7852 	 0.2148 	 -32 	 23 	 14 	 0 	 0 	 0 	 0.6087 	 0.0000 	 0.0000 	 0.0000 
+	 3 	HC	 17.0 	 17.0 	C24H16		 304.124697 	 516656384.00 	 610801544.00 	 304.124652 	 -0.0451 	 -0.1482 	 303.7851 	 0.2149 	 -32 	 24 	 16 	 0 	 0 	 0 	 0.6667 	 0.0000 	 0.0000 	 0.0000 
+	 4 	HC	 17.0 	 17.0 	C25H18		 318.140300 	 182021392.00 	 182021392.00 	 318.140302 	 0.0020 	 0.0063 	 317.7851 	 0.2149 	 -32 	 25 	 18 	 0 	 0 	 0 	 0.7200 	 0.0000 	 0.0000 	 0.0000 
+	 5 	HC	 17.0 	 17.0 	C26H20		 332.155948 	 68991224.00 	 68991224.00 	 332.155952 	 0.0041 	 0.0122 	 331.7851 	 0.2149 	 -32 	 26 	 20 	 0 	 0 	 0 	 0.7692 	 0.0000 	 0.0000 	 0.0000 
+	 6 	HC	 19.0 	 19.0 	C24H12		 300.093387 	 994809536.00 	 1145187088.00 	 300.093352 	 -0.0352 	 -0.1173 	 299.7583 	 0.2417 	 -36 	 24 	 12 	 0 	 0 	 0 	 0.5000 	 0.0000 	 0.0000 	 0.0000 
+	 7 	HC	 19.0 	 19.0 	C25H14		 314.108986 	 540636544.00 	 623634656.00 	 314.109002 	 0.0159 	 0.0505 	 313.7582 	 0.2418 	 -36 	 25 	 14 	 0 	 0 	 0 	 0.5600 	 0.0000 	 0.0000 	 0.0000 
+	 8 	HC	 19.0 	 19.0 	C26H16		 328.124638 	 864640256.00 	 1050589392.00 	 328.124652 	 0.0139 	 0.0425 	 327.7582 	 0.2418 	 -36 	 26 	 16 	 0 	 0 	 0 	 0.6154 	 0.0000 	 0.0000 	 0.0000 
+	 9 	HC	 19.0 	 19.0 	C27H18		 342.140265 	 119002480.00 	 119002480.00 	 342.140302 	 0.0370 	 0.1081 	 341.7582 	 0.2418 	 -36 	 27 	 18 	 0 	 0 	 0 	 0.6667 	 0.0000 	 0.0000 	 0.0000 
+	 10 	HC	 19.0 	 19.0 	C28H20		 356.156137 	 78584896.00 	 78584896.00 	 356.155952 	 -0.1849 	 -0.5193 	 355.7584 	 0.2416 	 -36 	 28 	 20 	 0 	 0 	 0 	 0.7143 	 0.0000 	 0.0000 	 0.0000 
+	 11 	HC	 21.0 	 21.0 	C26H12		 324.093481 	 127722096.00 	 127722096.00 	 324.093352 	 -0.1292 	 -0.3986 	 323.7316 	 0.2684 	 -40 	 26 	 12 	 0 	 0 	 0 	 0.4615 	 0.0000 	 0.0000 	 0.0000 
+	 12 	HC	 21.0 	 21.0 	C27H14		 338.109061 	 255546848.00 	 313494408.00 	 338.109002 	 -0.0591 	 -0.1749 	 337.7315 	 0.2685 	 -40 	 27 	 14 	 0 	 0 	 0 	 0.5185 	 0.0000 	 0.0000 	 0.0000 
+	 13 	HC	 21.0 	 21.0 	C28H16		 352.124807 	 1034639680.00 	 1260794656.00 	 352.124652 	 -0.1551 	 -0.4404 	 351.7316 	 0.2684 	 -40 	 28 	 16 	 0 	 0 	 0 	 0.5714 	 0.0000 	 0.0000 	 0.0000 
+	 14 	HC	 21.0 	 21.0 	C29H18		 366.140379 	 136832688.00 	 136832688.00 	 366.140302 	 -0.0770 	 -0.2103 	 365.7315 	 0.2685 	 -40 	 29 	 18 	 0 	 0 	 0 	 0.6207 	 0.0000 	 0.0000 	 0.0000 
+	 15 	HC	 21.0 	 21.0 	C30H20		 380.155963 	 81492152.00 	 81492152.00 	 380.155952 	 -0.0109 	 -0.0288 	 379.7315 	 0.2685 	 -40 	 30 	 20 	 0 	 0 	 0 	 0.6667 	 0.0000 	 0.0000 	 0.0000 
+	 16 	HC	 13.5 	 14.0 	C18H10	H	 227.085523 	 1828009856.00 	 2067248256.00 	 227.085527 	 0.0038 	 0.0166 	 226.8320 	 0.1680 	 -26 	 18 	 10 	 0 	 0 	 0 	 0.5556 	 0.0000 	 0.0000 	 0.0000 
+	 17 	HC	 13.5 	 14.0 	C19H12	H	 241.101188 	 520224288.00 	 579127472.00 	 241.101177 	 -0.0112 	 -0.0463 	 240.8320 	 0.1680 	 -26 	 19 	 12 	 0 	 0 	 0 	 0.6316 	 0.0000 	 0.0000 	 0.0000 
+	 18 	HC	 13.5 	 14.0 	C20H14	H	 255.116854 	 349647168.00 	 406312208.00 	 255.116827 	 -0.0271 	 -0.1062 	 254.8320 	 0.1680 	 -26 	 20 	 14 	 0 	 0 	 0 	 0.7000 	 0.0000 	 0.0000 	 0.0000 
+	 19 	HC	 13.5 	 14.0 	C21H16	H	 269.132474 	 91358168.00 	 91358168.00 	 269.132477 	 0.0030 	 0.0110 	 268.8320 	 0.1680 	 -26 	 21 	 16 	 0 	 0 	 0 	 0.7619 	 0.0000 	 0.0000 	 0.0000 
+	 20 	HC	 13.5 	 14.0 	C22H18	H	 283.148142 	 145275232.00 	 145275232.00 	 283.148127 	 -0.0150 	 -0.0529 	 282.8320 	 0.1680 	 -26 	 22 	 18 	 0 	 0 	 0 	 0.8182 	 0.0000 	 0.0000 	 0.0000 
+	 21 	HC	 14.5 	 15.0 	C19H10	H	 239.085559 	 97715392.00 	 97715392.00 	 239.085527 	 -0.0322 	 -0.1348 	 238.8186 	 0.1814 	 -28 	 19 	 10 	 0 	 0 	 0 	 0.5263 	 0.0000 	 0.0000 	 0.0000 
+	 22 	HC	 14.5 	 15.0 	C20H12	H	 253.101171 	 3418598400.00 	 4158091050.42 	 253.101177 	 0.0058 	 0.0231 	 252.8186 	 0.1814 	 -28 	 20 	 12 	 0 	 0 	 0 	 0.6000 	 0.0000 	 0.0000 	 0.0000 
+	 23 	HC	 14.5 	 15.0 	C21H14	H	 267.116889 	 551600960.00 	 624772832.00 	 267.116827 	 -0.0621 	 -0.2325 	 266.8186 	 0.1814 	 -28 	 21 	 14 	 0 	 0 	 0 	 0.6667 	 0.0000 	 0.0000 	 0.0000 
+	 24 	HC	 14.5 	 15.0 	C22H16	H	 281.132529 	 251477056.00 	 251477056.00 	 281.132477 	 -0.0520 	 -0.1851 	 280.8186 	 0.1814 	 -28 	 22 	 16 	 0 	 0 	 0 	 0.7273 	 0.0000 	 0.0000 	 0.0000 
+	 25 	HC	 14.5 	 15.0 	C23H18	H	 295.148128 	 94192184.00 	 94192184.00 	 295.148127 	 -0.0010 	 -0.0033 	 294.8186 	 0.1814 	 -28 	 23 	 18 	 0 	 0 	 0 	 0.7826 	 0.0000 	 0.0000 	 0.0000 
+	 26 	HC	 15.5 	 16.0 	C21H12	H	 265.101294 	 923386368.00 	 1055032496.00 	 265.101177 	 -0.1172 	 -0.4420 	 264.8053 	 0.1947 	 -30 	 21 	 12 	 0 	 0 	 0 	 0.5714 	 0.0000 	 0.0000 	 0.0000 
+	 27 	HC	 15.5 	 16.0 	C22H14	H	 279.116832 	 1686355584.00 	 2035645440.00 	 279.116827 	 -0.0051 	 -0.0183 	 278.8052 	 0.1948 	 -30 	 22 	 14 	 0 	 0 	 0 	 0.6364 	 0.0000 	 0.0000 	 0.0000 
+	 28 	HC	 15.5 	 16.0 	C23H16	H	 293.132466 	 529508032.00 	 608865088.00 	 293.132477 	 0.0110 	 0.0374 	 292.8052 	 0.1948 	 -30 	 23 	 16 	 0 	 0 	 0 	 0.6957 	 0.0000 	 0.0000 	 0.0000 
+	 29 	HC	 15.5 	 16.0 	C24H18	H	 307.148135 	 1199277440.00 	 1444808896.00 	 307.148127 	 -0.0080 	 -0.0259 	 306.8052 	 0.1948 	 -30 	 24 	 18 	 0 	 0 	 0 	 0.7500 	 0.0000 	 0.0000 	 0.0000 
+	 30 	HC	 15.5 	 16.0 	C25H20	H	 321.163922 	 159623008.00 	 159623008.00 	 321.163777 	 -0.1449 	 -0.4512 	 320.8053 	 0.1947 	 -30 	 25 	 20 	 0 	 0 	 0 	 0.8000 	 0.0000 	 0.0000 	 0.0000 
+	 31 	HC	 16.5 	 17.0 	C22H12	H	 277.101248 	 4269261056.00 	 5365789260.83 	 277.101177 	 -0.0712 	 -0.2568 	 276.7918 	 0.2082 	 -32 	 22 	 12 	 0 	 0 	 0 	 0.5455 	 0.0000 	 0.0000 	 0.0000 
+	 32 	HC	 16.5 	 17.0 	C23H14	H	 291.116951 	 1108847360.00 	 1280152544.00 	 291.116827 	 -0.1241 	 -0.4263 	 290.7919 	 0.2081 	 -32 	 23 	 14 	 0 	 0 	 0 	 0.6087 	 0.0000 	 0.0000 	 0.0000 
+	 33 	HC	 16.5 	 17.0 	C24H16	H	 305.132631 	 725060224.00 	 873239200.00 	 305.132477 	 -0.1540 	 -0.5048 	 304.7919 	 0.2081 	 -32 	 24 	 16 	 0 	 0 	 0 	 0.6667 	 0.0000 	 0.0000 	 0.0000 
+	 34 	HC	 16.5 	 17.0 	C25H18	H	 319.148315 	 271510304.00 	 331134036.00 	 319.148127 	 -0.1880 	 -0.5890 	 318.7919 	 0.2081 	 -32 	 25 	 18 	 0 	 0 	 0 	 0.7200 	 0.0000 	 0.0000 	 0.0000 
+	 35 	HC	 16.5 	 17.0 	C26H20	H	 333.163920 	 606689344.00 	 714977240.00 	 333.163777 	 -0.1429 	 -0.4289 	 332.7919 	 0.2081 	 -32 	 26 	 20 	 0 	 0 	 0 	 0.7692 	 0.0000 	 0.0000 	 0.0000 
+	 36 	HC	 16.5 	 17.0 	C27H22	H	 347.179594 	 60962444.00 	 60962444.00 	 347.179427 	 -0.1668 	 -0.4806 	 346.7919 	 0.2081 	 -32 	 27 	 22 	 0 	 0 	 0 	 0.8148 	 0.0000 	 0.0000 	 0.0000 
+	 37 	HC	 17.5 	 18.0 	C23H12	H	 289.101317 	 661892864.00 	 752065544.00 	 289.101177 	 -0.1402 	 -0.4848 	 288.7785 	 0.2215 	 -34 	 23 	 12 	 0 	 0 	 0 	 0.5217 	 0.0000 	 0.0000 	 0.0000 
+	 38 	HC	 17.5 	 18.0 	C24H14	H	 303.116927 	 4416049152.00 	 5590017936.00 	 303.116827 	 -0.1001 	 -0.3302 	 302.7785 	 0.2215 	 -34 	 24 	 14 	 0 	 0 	 0 	 0.5833 	 0.0000 	 0.0000 	 0.0000 
+	 39 	HC	 17.5 	 18.0 	C25H16	H	 317.132606 	 1073049344.00 	 1297734672.00 	 317.132477 	 -0.1290 	 -0.4069 	 316.7785 	 0.2215 	 -34 	 25 	 16 	 0 	 0 	 0 	 0.6400 	 0.0000 	 0.0000 	 0.0000 
+	 40 	HC	 17.5 	 18.0 	C26H18	H	 331.148252 	 2038389248.00 	 2557784832.00 	 331.148127 	 -0.1250 	 -0.3774 	 330.7785 	 0.2215 	 -34 	 26 	 18 	 0 	 0 	 0 	 0.6923 	 0.0000 	 0.0000 	 0.0000 
+	 41 	HC	 17.5 	 18.0 	C27H20	H	 345.163886 	 339498464.00 	 419703824.00 	 345.163777 	 -0.1089 	 -0.3155 	 344.7785 	 0.2215 	 -34 	 27 	 20 	 0 	 0 	 0 	 0.7407 	 0.0000 	 0.0000 	 0.0000 
+	 42 	HC	 17.5 	 18.0 	C28H22	H	 359.179612 	 91250440.00 	 91250440.00 	 359.179427 	 -0.1848 	 -0.5146 	 358.7785 	 0.2215 	 -34 	 28 	 22 	 0 	 0 	 0 	 0.7857 	 0.0000 	 0.0000 	 0.0000 
+	 43 	HC	 18.5 	 19.0 	C24H12	H	 301.101272 	 2709492736.00 	 3303548352.00 	 301.101177 	 -0.0952 	 -0.3160 	 300.7651 	 0.2349 	 -36 	 24 	 12 	 0 	 0 	 0 	 0.5000 	 0.0000 	 0.0000 	 0.0000 
+	 44 	HC	 18.5 	 19.0 	C25H14	H	 315.116948 	 1353151360.00 	 1562371264.00 	 315.116827 	 -0.1211 	 -0.3843 	 314.7651 	 0.2349 	 -36 	 25 	 14 	 0 	 0 	 0 	 0.5600 	 0.0000 	 0.0000 	 0.0000 
+	 45 	HC	 18.5 	 19.0 	C26H16	H	 329.132534 	 1586977792.00 	 1955509952.00 	 329.132477 	 -0.0570 	 -0.1733 	 328.7650 	 0.2350 	 -36 	 26 	 16 	 0 	 0 	 0 	 0.6154 	 0.0000 	 0.0000 	 0.0000 
+	 46 	HC	 18.5 	 19.0 	C27H18	H	 343.148266 	 839472512.00 	 1017097008.00 	 343.148127 	 -0.1390 	 -0.4050 	 342.7651 	 0.2349 	 -36 	 27 	 18 	 0 	 0 	 0 	 0.6667 	 0.0000 	 0.0000 	 0.0000 
+	 47 	HC	 18.5 	 19.0 	C28H20	H	 357.163922 	 1592483072.00 	 2048441088.00 	 357.163777 	 -0.1449 	 -0.4057 	 356.7651 	 0.2349 	 -36 	 28 	 20 	 0 	 0 	 0 	 0.7143 	 0.0000 	 0.0000 	 0.0000 
+	 48 	HC	 18.5 	 19.0 	C29H22	H	 371.179611 	 114552040.00 	 114552040.00 	 371.179427 	 -0.1838 	 -0.4953 	 370.7651 	 0.2349 	 -36 	 29 	 22 	 0 	 0 	 0 	 0.7586 	 0.0000 	 0.0000 	 0.0000 
+	 49 	HC	 19.5 	 20.0 	C25H12	H	 313.101196 	 120518600.00 	 120518600.00 	 313.101177 	 -0.0192 	 -0.0612 	 312.7516 	 0.2484 	 -38 	 25 	 12 	 0 	 0 	 0 	 0.4800 	 0.0000 	 0.0000 	 0.0000 
+	 50 	HC	 19.5 	 20.0 	C26H14	H	 327.116885 	 5326200320.00 	 6917691088.00 	 327.116827 	 0.0581 	 0.1776 	 326.7516 	 0.2484 	 -38 	 26 	 14 	 0 	 0 	 0 	 0.5385 	 0.0000 	 0.0000 	 0.0000 
+	 51 	HC	 19.5 	 20.0 	C27H16	H	 341.132602 	 1086018944.00 	 1324002032.00 	 341.132477 	 -0.1250 	 -0.3665 	 340.7517 	 0.2483 	 -38 	 27 	 16 	 0 	 0 	 0 	 0.5926 	 0.0000 	 0.0000 	 0.0000 
+	 52 	HC	 19.5 	 20.0 	C28H18	H	 355.148310 	 751786880.00 	 918566848.00 	 355.148127 	 -0.1830 	 -0.5152 	 354.7517 	 0.2483 	 -38 	 28 	 18 	 0 	 0 	 0 	 0.6429 	 0.0000 	 0.0000 	 0.0000 
+	 53 	HC	 19.5 	 20.0 	C29H20	H	 369.163792 	 450062944.00 	 550000128.00 	 369.163777 	 -0.0149 	 -0.0404 	 368.7516 	 0.2484 	 -38 	 29 	 20 	 0 	 0 	 0 	 0.6897 	 0.0000 	 0.0000 	 0.0000 
+	 54 	HC	 19.5 	 20.0 	C30H22	H	 383.179535 	 308575392.00 	 374536852.00 	 383.179427 	 -0.1078 	 -0.2814 	 382.7517 	 0.2483 	 -38 	 30 	 22 	 0 	 0 	 0 	 0.7333 	 0.0000 	 0.0000 	 0.0000 
+	 55 	HC	 20.5 	 21.0 	C26H12	H	 325.101343 	 830431488.00 	 996032640.00 	 325.101177 	 -0.1662 	 -0.5111 	 324.7383 	 0.2617 	 -40 	 26 	 12 	 0 	 0 	 0 	 0.4615 	 0.0000 	 0.0000 	 0.0000 
+	 56 	HC	 20.5 	 21.0 	C27H14	H	 339.116900 	 1178031488.00 	 1480633088.00 	 339.116827 	 -0.0731 	 -0.2156 	 338.7382 	 0.2618 	 -40 	 27 	 14 	 0 	 0 	 0 	 0.5185 	 0.0000 	 0.0000 	 0.0000 
+	 57 	HC	 20.5 	 21.0 	C28H16	H	 353.132483 	 2350340608.00 	 3074142180.00 	 353.132477 	 -0.0060 	 -0.0171 	 352.7382 	 0.2618 	 -40 	 28 	 16 	 0 	 0 	 0 	 0.5714 	 0.0000 	 0.0000 	 0.0000 
+	 58 	HC	 20.5 	 21.0 	C29H18	H	 367.148276 	 753493952.00 	 934596832.00 	 367.148127 	 -0.1490 	 -0.4057 	 366.7383 	 0.2617 	 -40 	 29 	 18 	 0 	 0 	 0 	 0.6207 	 0.0000 	 0.0000 	 0.0000 
+	 59 	HC	 20.5 	 21.0 	C30H20	H	 381.163963 	 1334540800.00 	 1729951072.00 	 381.163777 	 -0.1859 	 -0.4877 	 380.7384 	 0.2616 	 -40 	 30 	 20 	 0 	 0 	 0 	 0.6667 	 0.0000 	 0.0000 	 0.0000 
+	 60 	HC	 20.5 	 21.0 	C31H22	H	 395.179338 	 195627696.00 	 195627696.00 	 395.179427 	 0.0892 	 0.2256 	 394.7381 	 0.2619 	 -40 	 31 	 22 	 0 	 0 	 0 	 0.7097 	 0.0000 	 0.0000 	 0.0000 
+	 61 	HC	 20.5 	 21.0 	C32H24	H	 409.195140 	 55416060.00 	 55416060.00 	 409.195077 	 -0.0628 	 -0.1534 	 408.7382 	 0.2618 	 -40 	 32 	 24 	 0 	 0 	 0 	 0.7500 	 0.0000 	 0.0000 	 0.0000 
+	 62 	HC	 21.5 	 22.0 	C28H14	H	 351.116857 	 5184641024.00 	 6850120416.00 	 351.116827 	 -0.0301 	 -0.0857 	 350.7248 	 0.2752 	 -42 	 28 	 14 	 0 	 0 	 0 	 0.5000 	 0.0000 	 0.0000 	 0.0000 
+	 63 	HC	 21.5 	 22.0 	C29H16	H	 365.132536 	 1055352192.00 	 1315884064.00 	 365.132477 	 -0.0590 	 -0.1617 	 364.7248 	 0.2752 	 -42 	 29 	 16 	 0 	 0 	 0 	 0.5517 	 0.0000 	 0.0000 	 0.0000 
+	 64 	HC	 21.5 	 22.0 	C30H18	H	 379.148322 	 799242112.00 	 1034088496.00 	 379.148127 	 -0.1950 	 -0.5142 	 378.7250 	 0.2750 	 -42 	 30 	 18 	 0 	 0 	 0 	 0.6000 	 0.0000 	 0.0000 	 0.0000 
+	 65 	HC	 21.5 	 22.0 	C31H20	H	 393.163706 	 425560224.00 	 538972752.00 	 393.163777 	 0.0711 	 0.1808 	 392.7247 	 0.2753 	 -42 	 31 	 20 	 0 	 0 	 0 	 0.6452 	 0.0000 	 0.0000 	 0.0000 
+	 66 	HC	 21.5 	 22.0 	C32H22	H	 407.179500 	 399479776.00 	 513747032.00 	 407.179427 	 -0.0728 	 -0.1789 	 406.7248 	 0.2752 	 -42 	 32 	 22 	 0 	 0 	 0 	 0.6875 	 0.0000 	 0.0000 	 0.0000 
+	 67 	HC	 22.5 	 23.0 	C29H14	H	 363.117016 	 662528832.00 	 819873680.00 	 363.116827 	 -0.1891 	 -0.5208 	 362.7116 	 0.2884 	 -44 	 29 	 14 	 0 	 0 	 0 	 0.4828 	 0.0000 	 0.0000 	 0.0000 
+	 68 	HC	 22.5 	 23.0 	C30H16	H	 377.132454 	 3198645504.00 	 4266795616.00 	 377.132477 	 0.0230 	 0.0609 	 376.7113 	 0.2887 	 -44 	 30 	 16 	 0 	 0 	 0 	 0.5333 	 0.0000 	 0.0000 	 0.0000 
+	 69 	HC	 22.5 	 23.0 	C31H18	H	 391.148244 	 723748480.00 	 917048832.00 	 391.148127 	 -0.1170 	 -0.2990 	 390.7115 	 0.2885 	 -44 	 31 	 18 	 0 	 0 	 0 	 0.5806 	 0.0000 	 0.0000 	 0.0000 
+	 70 	HC	 22.5 	 23.0 	C32H20	H	 405.163859 	 689148608.00 	 884254240.00 	 405.163777 	 -0.0819 	 -0.2022 	 404.7114 	 0.2886 	 -44 	 32 	 20 	 0 	 0 	 0 	 0.6250 	 0.0000 	 0.0000 	 0.0000 
+	 71 	HC	 22.5 	 23.0 	C33H22	H	 419.179491 	 180099200.00 	 180099200.00 	 419.179427 	 -0.0638 	 -0.1523 	 418.7114 	 0.2886 	 -44 	 33 	 22 	 0 	 0 	 0 	 0.6667 	 0.0000 	 0.0000 	 0.0000 
+	 72 	HC	 22.5 	 23.0 	C34H24	H	 433.195150 	 86841856.00 	 86841856.00 	 433.195077 	 -0.0728 	 -0.1680 	 432.7114 	 0.2886 	 -44 	 34 	 24 	 0 	 0 	 0 	 0.7059 	 0.0000 	 0.0000 	 0.0000 
+	 73 	HC	 23.5 	 24.0 	C30H14	H	 375.116872 	 3567743488.00 	 4852086815.49 	 375.116827 	 -0.0451 	 -0.1202 	 374.6980 	 0.3020 	 -46 	 30 	 14 	 0 	 0 	 0 	 0.4667 	 0.0000 	 0.0000 	 0.0000 
+	 74 	HC	 23.5 	 24.0 	C31H16	H	 389.132428 	 1016038400.00 	 1328286016.00 	 389.132477 	 0.0490 	 0.1258 	 388.6979 	 0.3021 	 -46 	 31 	 16 	 0 	 0 	 0 	 0.5161 	 0.0000 	 0.0000 	 0.0000 
+	 75 	HC	 23.5 	 24.0 	C32H18	H	 403.148187 	 951030144.00 	 1260200864.00 	 403.148127 	 -0.0600 	 -0.1488 	 402.6980 	 0.3020 	 -46 	 32 	 18 	 0 	 0 	 0 	 0.5625 	 0.0000 	 0.0000 	 0.0000 
+	 76 	HC	 23.5 	 24.0 	C33H20	H	 417.163861 	 459642880.00 	 575254584.00 	 417.163777 	 -0.0839 	 -0.2011 	 416.6981 	 0.3019 	 -46 	 33 	 20 	 0 	 0 	 0 	 0.6061 	 0.0000 	 0.0000 	 0.0000 
+	 77 	HC	 23.5 	 24.0 	C34H22	H	 431.179504 	 437885440.00 	 570668024.00 	 431.179427 	 -0.0768 	 -0.1782 	 430.6980 	 0.3020 	 -46 	 34 	 22 	 0 	 0 	 0 	 0.6471 	 0.0000 	 0.0000 	 0.0000 
+	 78 	HC	 23.5 	 24.0 	C35H24	H	 445.195097 	 60938748.00 	 60938748.00 	 445.195077 	 -0.0198 	 -0.0444 	 444.6980 	 0.3020 	 -46 	 35 	 24 	 0 	 0 	 0 	 0.6857 	 0.0000 	 0.0000 	 0.0000 
+	 79 	HC	 24.5 	 25.0 	C31H14	H	 387.116952 	 186581408.00 	 186581408.00 	 387.116827 	 -0.1251 	 -0.3232 	 386.6847 	 0.3153 	 -48 	 31 	 14 	 0 	 0 	 0 	 0.4516 	 0.0000 	 0.0000 	 0.0000 
+	 80 	HC	 24.5 	 25.0 	C32H16	H	 401.132561 	 3154612224.00 	 4288590384.00 	 401.132477 	 -0.0840 	 -0.2095 	 400.6847 	 0.3153 	 -48 	 32 	 16 	 0 	 0 	 0 	 0.5000 	 0.0000 	 0.0000 	 0.0000 
+	 81 	HC	 24.5 	 25.0 	C33H18	H	 415.148230 	 612210496.00 	 804990704.00 	 415.148127 	 -0.1030 	 -0.2480 	 414.6847 	 0.3153 	 -48 	 33 	 18 	 0 	 0 	 0 	 0.5455 	 0.0000 	 0.0000 	 0.0000 
+	 82 	HC	 24.5 	 25.0 	C34H20	H	 429.163876 	 508926432.00 	 655668160.00 	 429.163777 	 -0.0989 	 -0.2305 	 428.6847 	 0.3153 	 -48 	 34 	 20 	 0 	 0 	 0 	 0.5882 	 0.0000 	 0.0000 	 0.0000 
+	 83 	HC	 24.5 	 25.0 	C35H22	H	 443.179504 	 164010496.00 	 224195580.00 	 443.179427 	 -0.0768 	 -0.1734 	 442.6846 	 0.3154 	 -48 	 35 	 22 	 0 	 0 	 0 	 0.6286 	 0.0000 	 0.0000 	 0.0000 
+	 84 	HC	 24.5 	 25.0 	C36H24	H	 457.195151 	 126425712.00 	 126425712.00 	 457.195077 	 -0.0738 	 -0.1614 	 456.6846 	 0.3154 	 -48 	 36 	 24 	 0 	 0 	 0 	 0.6667 	 0.0000 	 0.0000 	 0.0000 
+	 85 	HC	 25.5 	 26.0 	C32H14	H	 399.116957 	 1141345920.00 	 1450450336.00 	 399.116827 	 -0.1301 	 -0.3260 	 398.6713 	 0.3287 	 -50 	 32 	 14 	 0 	 0 	 0 	 0.4375 	 0.0000 	 0.0000 	 0.0000 
+	 86 	HC	 25.5 	 26.0 	C33H16	H	 413.132548 	 678270656.00 	 862956992.00 	 413.132477 	 -0.0710 	 -0.1719 	 412.6712 	 0.3288 	 -50 	 33 	 16 	 0 	 0 	 0 	 0.4848 	 0.0000 	 0.0000 	 0.0000 
+	 87 	HC	 25.5 	 26.0 	C34H18	H	 427.148230 	 1541380480.00 	 2152303896.00 	 427.148127 	 -0.1030 	 -0.2411 	 426.6713 	 0.3287 	 -50 	 34 	 18 	 0 	 0 	 0 	 0.5294 	 0.0000 	 0.0000 	 0.0000 
+	 88 	HC	 25.5 	 26.0 	C35H20	H	 441.163872 	 449157632.00 	 576926720.00 	 441.163777 	 -0.0949 	 -0.2151 	 440.6713 	 0.3287 	 -50 	 35 	 20 	 0 	 0 	 0 	 0.5714 	 0.0000 	 0.0000 	 0.0000 
+	 89 	HC	 25.5 	 26.0 	C36H22	H	 455.179529 	 445618752.00 	 578401432.00 	 455.179427 	 -0.1018 	 -0.2237 	 454.6713 	 0.3287 	 -50 	 36 	 22 	 0 	 0 	 0 	 0.6111 	 0.0000 	 0.0000 	 0.0000 
+	 90 	HC	 25.5 	 26.0 	C37H24	H	 469.195136 	 81435904.00 	 81435904.00 	 469.195077 	 -0.0588 	 -0.1253 	 468.6712 	 0.3288 	 -50 	 37 	 24 	 0 	 0 	 0 	 0.6486 	 0.0000 	 0.0000 	 0.0000 
+	 91 	HC	 26.5 	 27.0 	C34H16	H	 425.132570 	 3074922752.00 	 4334636080.00 	 425.132477 	 -0.0930 	 -0.2188 	 424.6579 	 0.3421 	 -52 	 34 	 16 	 0 	 0 	 0 	 0.4706 	 0.0000 	 0.0000 	 0.0000 
+	 92 	HC	 26.5 	 27.0 	C35H18	H	 439.148221 	 664771072.00 	 869086208.00 	 439.148127 	 -0.0940 	 -0.2140 	 438.6579 	 0.3421 	 -52 	 35 	 18 	 0 	 0 	 0 	 0.5143 	 0.0000 	 0.0000 	 0.0000 
+	 93 	HC	 26.5 	 27.0 	C36H20	H	 453.163845 	 544053760.00 	 738538544.00 	 453.163777 	 -0.0679 	 -0.1498 	 452.6578 	 0.3422 	 -52 	 36 	 20 	 0 	 0 	 0 	 0.5556 	 0.0000 	 0.0000 	 0.0000 
+	 94 	HC	 26.5 	 27.0 	C37H22	H	 467.179475 	 227843152.00 	 309721336.00 	 467.179427 	 -0.0478 	 -0.1024 	 466.6578 	 0.3422 	 -52 	 37 	 22 	 0 	 0 	 0 	 0.5946 	 0.0000 	 0.0000 	 0.0000 
+	 95 	HC	 26.5 	 27.0 	C38H24	H	 481.195117 	 146318000.00 	 201573880.00 	 481.195077 	 -0.0398 	 -0.0827 	 480.6578 	 0.3422 	 -52 	 38 	 24 	 0 	 0 	 0 	 0.6316 	 0.0000 	 0.0000 	 0.0000 
+	 96 	HC	 27.5 	 28.0 	C34H14	H	 423.116855 	 101652792.00 	 101652792.00 	 423.116827 	 -0.0281 	 -0.0664 	 422.6444 	 0.3556 	 -54 	 34 	 14 	 0 	 0 	 0 	 0.4118 	 0.0000 	 0.0000 	 0.0000 
+	 97 	HC	 27.5 	 28.0 	C35H16	H	 437.132528 	 473012736.00 	 604681224.00 	 437.132477 	 -0.0510 	 -0.1167 	 436.6444 	 0.3556 	 -54 	 35 	 16 	 0 	 0 	 0 	 0.4571 	 0.0000 	 0.0000 	 0.0000 
+	 98 	HC	 27.5 	 28.0 	C36H18	H	 451.148227 	 1852807680.00 	 2606665248.00 	 451.148127 	 -0.1000 	 -0.2216 	 450.6445 	 0.3555 	 -54 	 36 	 18 	 0 	 0 	 0 	 0.5000 	 0.0000 	 0.0000 	 0.0000 
+	 99 	HC	 27.5 	 28.0 	C37H20	H	 465.163880 	 493591488.00 	 657307600.00 	 465.163777 	 -0.1029 	 -0.2212 	 464.6445 	 0.3555 	 -54 	 37 	 20 	 0 	 0 	 0 	 0.5405 	 0.0000 	 0.0000 	 0.0000 
+	 100 	HC	 27.5 	 28.0 	C38H22	H	 479.179500 	 376152448.00 	 510739344.00 	 479.179427 	 -0.0728 	 -0.1520 	 478.6444 	 0.3556 	 -54 	 38 	 22 	 0 	 0 	 0 	 0.5789 	 0.0000 	 0.0000 	 0.0000 
+	 101 	HC	 27.5 	 28.0 	C39H24	H	 493.195194 	 78244584.00 	 78244584.00 	 493.195077 	 -0.1168 	 -0.2368 	 492.6445 	 0.3555 	 -54 	 39 	 24 	 0 	 0 	 0 	 0.6154 	 0.0000 	 0.0000 	 0.0000 
+	 102 	HC	 28.5 	 29.0 	C36H16	H	 449.132580 	 2201459200.00 	 3118812680.00 	 449.132477 	 -0.1030 	 -0.2294 	 448.6311 	 0.3689 	 -56 	 36 	 16 	 0 	 0 	 0 	 0.4444 	 0.0000 	 0.0000 	 0.0000 
+	 103 	HC	 28.5 	 29.0 	C37H18	H	 463.148249 	 644193088.00 	 862926544.00 	 463.148127 	 -0.1220 	 -0.2633 	 462.6311 	 0.3689 	 -56 	 37 	 18 	 0 	 0 	 0 	 0.4865 	 0.0000 	 0.0000 	 0.0000 
+	 104 	HC	 28.5 	 29.0 	C38H20	H	 477.163866 	 835690624.00 	 1123107200.00 	 477.163777 	 -0.0889 	 -0.1863 	 476.6311 	 0.3689 	 -56 	 38 	 20 	 0 	 0 	 0 	 0.5263 	 0.0000 	 0.0000 	 0.0000 
+	 105 	HC	 28.5 	 29.0 	C39H22	H	 491.179518 	 201369952.00 	 275993472.00 	 491.179427 	 -0.0908 	 -0.1849 	 490.6311 	 0.3689 	 -56 	 39 	 22 	 0 	 0 	 0 	 0.5641 	 0.0000 	 0.0000 	 0.0000 
+	 106 	HC	 28.5 	 29.0 	C40H24	H	 505.195227 	 162739424.00 	 227306144.00 	 505.195077 	 -0.1498 	 -0.2965 	 504.6311 	 0.3689 	 -56 	 40 	 24 	 0 	 0 	 0 	 0.6000 	 0.0000 	 0.0000 	 0.0000 
+	 107 	HC	 29.5 	 30.0 	C37H16	H	 461.132577 	 198351600.00 	 265106964.00 	 461.132477 	 -0.1000 	 -0.2169 	 460.6177 	 0.3823 	 -58 	 37 	 16 	 0 	 0 	 0 	 0.4324 	 0.0000 	 0.0000 	 0.0000 
+	 108 	HC	 29.5 	 30.0 	C38H18	H	 475.148263 	 2151128832.00 	 3129532272.00 	 475.148127 	 -0.1360 	 -0.2862 	 474.6177 	 0.3823 	 -58 	 38 	 18 	 0 	 0 	 0 	 0.4737 	 0.0000 	 0.0000 	 0.0000 
+	 109 	HC	 29.5 	 30.0 	C39H20	H	 489.163877 	 358721504.00 	 487739520.00 	 489.163777 	 -0.0999 	 -0.2042 	 488.6177 	 0.3823 	 -58 	 39 	 20 	 0 	 0 	 0 	 0.5128 	 0.0000 	 0.0000 	 0.0000 
+	 110 	HC	 29.5 	 30.0 	C40H22	H	 503.179552 	 342864672.00 	 463005464.00 	 503.179427 	 -0.1248 	 -0.2481 	 502.6177 	 0.3823 	 -58 	 40 	 22 	 0 	 0 	 0 	 0.5500 	 0.0000 	 0.0000 	 0.0000 
+	 111 	HC	 29.5 	 30.0 	C41H24	H	 517.195158 	 89571248.00 	 89571248.00 	 517.195077 	 -0.0808 	 -0.1562 	 516.6177 	 0.3823 	 -58 	 41 	 24 	 0 	 0 	 0 	 0.5854 	 0.0000 	 0.0000 	 0.0000 
+	 112 	HC	 29.5 	 30.0 	C42H26	H	 531.210764 	 60591192.00 	 60591192.00 	 531.210727 	 -0.0367 	 -0.0691 	 530.6176 	 0.3824 	 -58 	 42 	 26 	 0 	 0 	 0 	 0.6190 	 0.0000 	 0.0000 	 0.0000 
+	 113 	HC	 30.5 	 31.0 	C38H16	H	 473.132539 	 1053793920.00 	 1492557040.00 	 473.132477 	 -0.0620 	 -0.1311 	 472.6042 	 0.3958 	 -60 	 38 	 16 	 0 	 0 	 0 	 0.4211 	 0.0000 	 0.0000 	 0.0000 
+	 114 	HC	 30.5 	 31.0 	C39H18	H	 487.148239 	 389785216.00 	 517819824.00 	 487.148127 	 -0.1120 	 -0.2298 	 486.6043 	 0.3957 	 -60 	 39 	 18 	 0 	 0 	 0 	 0.4615 	 0.0000 	 0.0000 	 0.0000 
+	 115 	HC	 30.5 	 31.0 	C40H20	H	 501.163876 	 996389248.00 	 1442830040.00 	 501.163777 	 -0.0989 	 -0.1974 	 500.6043 	 0.3957 	 -60 	 40 	 20 	 0 	 0 	 0 	 0.5000 	 0.0000 	 0.0000 	 0.0000 
+	 116 	HC	 30.5 	 31.0 	C41H22	H	 515.179592 	 227917280.00 	 309214376.00 	 515.179427 	 -0.1648 	 -0.3200 	 514.6043 	 0.3957 	 -60 	 41 	 22 	 0 	 0 	 0 	 0.5366 	 0.0000 	 0.0000 	 0.0000 
+	 117 	HC	 30.5 	 31.0 	C42H24	H	 529.195230 	 189450896.00 	 269882888.00 	 529.195077 	 -0.1528 	 -0.2887 	 528.6043 	 0.3957 	 -60 	 42 	 24 	 0 	 0 	 0 	 0.5714 	 0.0000 	 0.0000 	 0.0000 
+	 118 	HC	 31.5 	 32.0 	C40H18	H	 499.148241 	 1687662464.00 	 2521993568.00 	 499.148127 	 -0.1140 	 -0.2283 	 498.5909 	 0.4091 	 -62 	 40 	 18 	 0 	 0 	 0 	 0.4500 	 0.0000 	 0.0000 	 0.0000 
+	 119 	HC	 31.5 	 32.0 	C41H20	H	 513.163918 	 326614016.00 	 440170736.00 	 513.163777 	 -0.1409 	 -0.2746 	 512.5909 	 0.4091 	 -62 	 41 	 20 	 0 	 0 	 0 	 0.4878 	 0.0000 	 0.0000 	 0.0000 
+	 120 	HC	 31.5 	 32.0 	C42H22	H	 527.179579 	 373409984.00 	 505385584.00 	 527.179427 	 -0.1518 	 -0.2880 	 526.5909 	 0.4091 	 -62 	 42 	 22 	 0 	 0 	 0 	 0.5238 	 0.0000 	 0.0000 	 0.0000 
+	 121 	HC	 31.5 	 32.0 	C43H24	H	 541.195193 	 111465640.00 	 111465640.00 	 541.195077 	 -0.1158 	 -0.2139 	 540.5909 	 0.4091 	 -62 	 43 	 24 	 0 	 0 	 0 	 0.5581 	 0.0000 	 0.0000 	 0.0000 
+	 122 	HC	 31.5 	 32.0 	C44H26	H	 555.210810 	 57827008.00 	 57827008.00 	 555.210727 	 -0.0827 	 -0.1490 	 554.5909 	 0.4091 	 -62 	 44 	 26 	 0 	 0 	 0 	 0.5909 	 0.0000 	 0.0000 	 0.0000 
+	 123 	HC	 32.5 	 33.0 	C40H16	H	 497.132561 	 168930816.00 	 226942168.00 	 497.132477 	 -0.0840 	 -0.1690 	 496.5775 	 0.4225 	 -64 	 40 	 16 	 0 	 0 	 0 	 0.4000 	 0.0000 	 0.0000 	 0.0000 
+	 124 	HC	 32.5 	 33.0 	C41H18	H	 511.148207 	 174897712.00 	 242185544.00 	 511.148127 	 -0.0800 	 -0.1565 	 510.5775 	 0.4225 	 -64 	 41 	 18 	 0 	 0 	 0 	 0.4390 	 0.0000 	 0.0000 	 0.0000 
+	 125 	HC	 32.5 	 33.0 	C42H20	H	 525.163909 	 888391424.00 	 1320359844.00 	 525.163777 	 -0.1319 	 -0.2512 	 524.5775 	 0.4225 	 -64 	 42 	 20 	 0 	 0 	 0 	 0.4762 	 0.0000 	 0.0000 	 0.0000 
+	 126 	HC	 32.5 	 33.0 	C43H22	H	 539.179612 	 194106128.00 	 272066288.00 	 539.179427 	 -0.1848 	 -0.3428 	 538.5776 	 0.4224 	 -64 	 43 	 22 	 0 	 0 	 0 	 0.5116 	 0.0000 	 0.0000 	 0.0000 
+	 127 	HC	 32.5 	 33.0 	C44H24	H	 553.195228 	 144825712.00 	 203651976.00 	 553.195077 	 -0.1508 	 -0.2726 	 552.5775 	 0.4225 	 -64 	 44 	 24 	 0 	 0 	 0 	 0.5455 	 0.0000 	 0.0000 	 0.0000 
+	 128 	HC	 33.5 	 34.0 	C42H18	H	 523.148312 	 739231040.00 	 1030523712.00 	 523.148127 	 -0.1850 	 -0.3536 	 522.5642 	 0.4358 	 -66 	 42 	 18 	 0 	 0 	 0 	 0.4286 	 0.0000 	 0.0000 	 0.0000 
+	 129 	HC	 33.5 	 34.0 	C43H20	H	 537.163939 	 181719408.00 	 254518192.00 	 537.163777 	 -0.1619 	 -0.3014 	 536.5641 	 0.4359 	 -66 	 43 	 20 	 0 	 0 	 0 	 0.4651 	 0.0000 	 0.0000 	 0.0000 
+	 130 	HC	 33.5 	 34.0 	C44H22	H	 551.179512 	 288807936.00 	 402634944.00 	 551.179427 	 -0.0848 	 -0.1539 	 550.5641 	 0.4359 	 -66 	 44 	 22 	 0 	 0 	 0 	 0.5000 	 0.0000 	 0.0000 	 0.0000 
+	 131 	HC	 33.5 	 34.0 	C45H24	H	 565.195110 	 82797752.00 	 82797752.00 	 565.195077 	 -0.0328 	 -0.0580 	 564.5640 	 0.4360 	 -66 	 45 	 24 	 0 	 0 	 0 	 0.5333 	 0.0000 	 0.0000 	 0.0000 
+	 132 	HC	 33.5 	 34.0 	C46H26	H	 579.210783 	 69135160.00 	 69135160.00 	 579.210727 	 -0.0557 	 -0.0962 	 578.5640 	 0.4360 	 -66 	 46 	 26 	 0 	 0 	 0 	 0.5652 	 0.0000 	 0.0000 	 0.0000 
+	 133 	O	 16.5 	 17.0 	C21H10O	H	 279.080550 	 268418752.00 	 268418752.00 	 279.080441 	 -0.1086 	 -0.3892 	 278.7689 	 0.2311 	 -32 	 21 	 10 	 0 	 1 	 0 	 0.4762 	 0.0000 	 0.0476 	 0.0000 
+	 134 	O	 16.5 	 17.0 	C22H12O	H	 293.096149 	 351905472.00 	 406690644.00 	 293.096091 	 -0.0575 	 -0.1963 	 292.7689 	 0.2311 	 -32 	 22 	 12 	 0 	 1 	 0 	 0.5455 	 0.0000 	 0.0455 	 0.0000 
+	 135 	O	 16.5 	 17.0 	C23H14O	H	 307.111763 	 591168960.00 	 688539936.00 	 307.111742 	 -0.0215 	 -0.0699 	 306.7688 	 0.2312 	 -32 	 23 	 14 	 0 	 1 	 0 	 0.6087 	 0.0000 	 0.0435 	 0.0000 
+	 136 	O	 16.5 	 17.0 	C24H16O	H	 321.127489 	 135358320.00 	 135358320.00 	 321.127392 	 -0.0974 	 -0.3033 	 320.7689 	 0.2311 	 -32 	 24 	 16 	 0 	 1 	 0 	 0.6667 	 0.0000 	 0.0417 	 0.0000 
+	 137 	O	 16.5 	 17.0 	C25H18O	H	 335.143141 	 97408776.00 	 97408776.00 	 335.143042 	 -0.0993 	 -0.2964 	 334.7689 	 0.2311 	 -32 	 25 	 18 	 0 	 1 	 0 	 0.7200 	 0.0000 	 0.0400 	 0.0000 
+	 138 	O	 17.5 	 18.0 	C23H12O	H	 305.096196 	 3525806848.00 	 4421662984.00 	 305.096091 	 0.1045 	 0.3426 	 304.7555 	 0.2445 	 -34 	 23 	 12 	 0 	 1 	 0 	 0.5217 	 0.0000 	 0.0435 	 0.0000 
+	 139 	O	 17.5 	 18.0 	C24H14O	H	 319.111913 	 436628256.00 	 516830312.00 	 319.111742 	 -0.1715 	 -0.5374 	 318.7556 	 0.2444 	 -34 	 24 	 14 	 0 	 1 	 0 	 0.5833 	 0.0000 	 0.0417 	 0.0000 
+	 140 	O	 17.5 	 18.0 	C25H16O	H	 333.127623 	 199546944.00 	 199546944.00 	 333.127392 	 -0.2314 	 -0.6947 	 332.7556 	 0.2444 	 -34 	 25 	 16 	 0 	 1 	 0 	 0.6400 	 0.0000 	 0.0400 	 0.0000 
+	 141 	O	 17.5 	 18.0 	C26H18O	H	 347.143139 	 109516424.00 	 109516424.00 	 347.143042 	 -0.0973 	 -0.2804 	 346.7555 	 0.2445 	 -34 	 26 	 18 	 0 	 1 	 0 	 0.6923 	 0.0000 	 0.0385 	 0.0000 
+	 142 	O	 17.5 	 18.0 	C27H20O	H	 361.158854 	 55632140.00 	 55632140.00 	 361.158692 	 -0.1623 	 -0.4493 	 360.7556 	 0.2444 	 -34 	 27 	 20 	 0 	 1 	 0 	 0.7407 	 0.0000 	 0.0370 	 0.0000 
+	 143 	O	 18.5 	 19.0 	C24H12O	H	 317.096257 	 379678528.00 	 456580200.00 	 317.096091 	 -0.1655 	 -0.5221 	 316.7422 	 0.2578 	 -36 	 24 	 12 	 0 	 1 	 0 	 0.5000 	 0.0000 	 0.0417 	 0.0000 
+	 144 	O	 18.5 	 19.0 	C25H14O	H	 331.111772 	 1079204352.00 	 1294480128.00 	 331.111742 	 -0.0305 	 -0.0920 	 330.7420 	 0.2580 	 -36 	 25 	 14 	 0 	 1 	 0 	 0.5600 	 0.0000 	 0.0400 	 0.0000 
+	 145 	O	 18.5 	 19.0 	C26H16O	H	 345.127590 	 198432224.00 	 198432224.00 	 345.127392 	 -0.1984 	 -0.5749 	 344.7422 	 0.2578 	 -36 	 26 	 16 	 0 	 1 	 0 	 0.6154 	 0.0000 	 0.0385 	 0.0000 
+	 146 	O	 18.5 	 19.0 	C27H18O	H	 359.143056 	 286351104.00 	 342630144.00 	 359.143042 	 -0.0143 	 -0.0400 	 358.7420 	 0.2580 	 -36 	 27 	 18 	 0 	 1 	 0 	 0.6667 	 0.0000 	 0.0370 	 0.0000 
+	 147 	O	 18.5 	 19.0 	C28H20O	H	 373.158654 	 72232832.00 	 72232832.00 	 373.158692 	 0.0377 	 0.1011 	 372.7420 	 0.2580 	 -36 	 28 	 20 	 0 	 1 	 0 	 0.7143 	 0.0000 	 0.0357 	 0.0000 
+	 148 	O	 19.5 	 20.0 	C25H12O	H	 329.096220 	 3009895424.00 	 3845075100.00 	 329.096091 	 -0.1285 	 -0.3906 	 328.7287 	 0.2713 	 -38 	 25 	 12 	 0 	 1 	 0 	 0.4800 	 0.0000 	 0.0400 	 0.0000 
+	 149 	O	 19.5 	 20.0 	C26H14O	H	 343.111913 	 423712128.00 	 515353392.00 	 343.111742 	 -0.1715 	 -0.4998 	 342.7288 	 0.2712 	 -38 	 26 	 14 	 0 	 1 	 0 	 0.5385 	 0.0000 	 0.0385 	 0.0000 
+	 150 	O	 19.5 	 20.0 	C27H16O	H	 357.127552 	 407919904.00 	 500972328.00 	 357.127392 	 -0.1604 	 -0.4492 	 356.7288 	 0.2712 	 -38 	 27 	 16 	 0 	 1 	 0 	 0.5926 	 0.0000 	 0.0370 	 0.0000 
+	 151 	O	 19.5 	 20.0 	C28H18O	H	 371.142980 	 335703264.00 	 407984904.00 	 371.143042 	 0.0617 	 0.1661 	 370.7286 	 0.2714 	 -38 	 28 	 18 	 0 	 1 	 0 	 0.6429 	 0.0000 	 0.0357 	 0.0000 
+	 152 	O	 19.5 	 20.0 	C29H20O	H	 385.158657 	 146603824.00 	 146603824.00 	 385.158692 	 0.0347 	 0.0901 	 384.7286 	 0.2714 	 -38 	 29 	 20 	 0 	 1 	 0 	 0.6897 	 0.0000 	 0.0345 	 0.0000 
+	 153 	O	 20.5 	 21.0 	C26H12O	H	 341.096075 	 116856176.00 	 116856176.00 	 341.096091 	 0.0165 	 0.0483 	 340.7152 	 0.2848 	 -40 	 26 	 12 	 0 	 1 	 0 	 0.4615 	 0.0000 	 0.0385 	 0.0000 
+	 154 	O	 20.5 	 21.0 	C27H14O	H	 355.111802 	 1389321088.00 	 1749661632.00 	 355.111742 	 -0.0605 	 -0.1703 	 354.7153 	 0.2847 	 -40 	 27 	 14 	 0 	 1 	 0 	 0.5185 	 0.0000 	 0.0370 	 0.0000 
+	 155 	O	 20.5 	 21.0 	C28H16O	H	 369.127474 	 291531360.00 	 354891252.00 	 369.127392 	 -0.0824 	 -0.2233 	 368.7153 	 0.2847 	 -40 	 28 	 16 	 0 	 1 	 0 	 0.5714 	 0.0000 	 0.0357 	 0.0000 
+	 156 	O	 20.5 	 21.0 	C29H18O	H	 383.143167 	 329350304.00 	 409483912.00 	 383.143042 	 -0.1253 	 -0.3272 	 382.7153 	 0.2847 	 -40 	 29 	 18 	 0 	 1 	 0 	 0.6207 	 0.0000 	 0.0345 	 0.0000 
+	 157 	O	 20.5 	 21.0 	C30H20O	H	 397.158621 	 108580000.00 	 108580000.00 	 397.158692 	 0.0707 	 0.1781 	 396.7151 	 0.2849 	 -40 	 30 	 20 	 0 	 1 	 0 	 0.6667 	 0.0000 	 0.0333 	 0.0000 
+	 158 	O	 21.5 	 22.0 	C27H12O	H	 353.096252 	 511269344.00 	 615576688.00 	 353.096091 	 -0.1605 	 -0.4547 	 352.7020 	 0.2980 	 -42 	 27 	 12 	 0 	 1 	 0 	 0.4444 	 0.0000 	 0.0370 	 0.0000 
+	 159 	O	 21.5 	 22.0 	C28H14O	H	 367.111705 	 319186912.00 	 391991536.00 	 367.111742 	 0.0365 	 0.0995 	 366.7018 	 0.2982 	 -42 	 28 	 14 	 0 	 1 	 0 	 0.5000 	 0.0000 	 0.0357 	 0.0000 
+	 160 	O	 21.5 	 22.0 	C29H16O	H	 381.127347 	 560691712.00 	 692581712.00 	 381.127392 	 0.0446 	 0.1170 	 380.7018 	 0.2982 	 -42 	 29 	 16 	 0 	 1 	 0 	 0.5517 	 0.0000 	 0.0345 	 0.0000 
+	 161 	O	 21.5 	 22.0 	C30H18O	H	 395.143295 	 240618160.00 	 312989272.00 	 395.143042 	 -0.2533 	 -0.6412 	 394.7021 	 0.2979 	 -42 	 30 	 18 	 0 	 1 	 0 	 0.6000 	 0.0000 	 0.0333 	 0.0000 
+	 162 	O	 21.5 	 22.0 	C31H20O	H	 409.158769 	 193041648.00 	 253127264.00 	 409.158692 	 -0.0773 	 -0.1889 	 408.7019 	 0.2981 	 -42 	 31 	 20 	 0 	 1 	 0 	 0.6452 	 0.0000 	 0.0323 	 0.0000 
+	 163 	O	 21.5 	 22.0 	C32H22O	H	 423.174370 	 55433528.00 	 55433528.00 	 423.174342 	 -0.0282 	 -0.0667 	 422.7018 	 0.2982 	 -42 	 32 	 22 	 0 	 1 	 0 	 0.6875 	 0.0000 	 0.0312 	 0.0000 
+	 164 	O	 22.5 	 23.0 	C29H14O	H	 379.111695 	 1594587008.00 	 2094738997.38 	 379.111742 	 0.0465 	 0.1227 	 378.6884 	 0.3116 	 -44 	 29 	 14 	 0 	 1 	 0 	 0.4828 	 0.0000 	 0.0345 	 0.0000 
+	 165 	O	 22.5 	 23.0 	C30H16O	H	 393.127627 	 266897552.00 	 333435444.00 	 393.127392 	 -0.2354 	 -0.5988 	 392.6887 	 0.3113 	 -44 	 30 	 16 	 0 	 1 	 0 	 0.5333 	 0.0000 	 0.0333 	 0.0000 
+	 166 	O	 22.5 	 23.0 	C31H18O	H	 407.143097 	 276206560.00 	 343926864.00 	 407.143042 	 -0.0553 	 -0.1359 	 406.6885 	 0.3115 	 -44 	 31 	 18 	 0 	 1 	 0 	 0.5806 	 0.0000 	 0.0323 	 0.0000 
+	 167 	O	 22.5 	 23.0 	C32H20O	H	 421.158744 	 200775904.00 	 260534768.00 	 421.158692 	 -0.0523 	 -0.1241 	 420.6885 	 0.3115 	 -44 	 32 	 20 	 0 	 1 	 0 	 0.6250 	 0.0000 	 0.0312 	 0.0000 
+	 168 	O	 22.5 	 23.0 	C33H22O	H	 435.174366 	 80173576.00 	 80173576.00 	 435.174342 	 -0.0242 	 -0.0557 	 434.6884 	 0.3116 	 -44 	 33 	 22 	 0 	 1 	 0 	 0.6667 	 0.0000 	 0.0303 	 0.0000 
+	 169 	O	 23.5 	 24.0 	C30H14O	H	 391.111772 	 220694112.00 	 220694112.00 	 391.111742 	 -0.0305 	 -0.0779 	 390.6751 	 0.3249 	 -46 	 30 	 14 	 0 	 1 	 0 	 0.4667 	 0.0000 	 0.0333 	 0.0000 
+	 170 	O	 23.5 	 24.0 	C31H16O	H	 405.127508 	 506565312.00 	 640820752.00 	 405.127392 	 -0.1164 	 -0.2873 	 404.6751 	 0.3249 	 -46 	 31 	 16 	 0 	 1 	 0 	 0.5161 	 0.0000 	 0.0323 	 0.0000 
+	 171 	O	 23.5 	 24.0 	C32H18O	H	 419.143103 	 224958576.00 	 293990688.00 	 419.143042 	 -0.0613 	 -0.1464 	 418.6751 	 0.3249 	 -46 	 32 	 18 	 0 	 1 	 0 	 0.5625 	 0.0000 	 0.0312 	 0.0000 
+	 172 	O	 23.5 	 24.0 	C33H20O	H	 433.158757 	 437623296.00 	 551859208.00 	 433.158692 	 -0.0653 	 -0.1507 	 432.6751 	 0.3249 	 -46 	 33 	 20 	 0 	 1 	 0 	 0.6061 	 0.0000 	 0.0303 	 0.0000 
+	 173 	O	 23.5 	 24.0 	C34H22O	H	 447.174381 	 84564472.00 	 84564472.00 	 447.174342 	 -0.0392 	 -0.0877 	 446.6751 	 0.3249 	 -46 	 34 	 22 	 0 	 1 	 0 	 0.6471 	 0.0000 	 0.0294 	 0.0000 
+	 174 	O	 24.5 	 25.0 	C31H14O	H	 403.111846 	 1070829952.00 	 1383408544.00 	 403.111742 	 -0.1045 	 -0.2592 	 402.6617 	 0.3383 	 -48 	 31 	 14 	 0 	 1 	 0 	 0.4516 	 0.0000 	 0.0323 	 0.0000 
+	 175 	O	 24.5 	 25.0 	C32H16O	H	 417.127476 	 250845168.00 	 325398568.00 	 417.127392 	 -0.0844 	 -0.2024 	 416.6617 	 0.3383 	 -48 	 32 	 16 	 0 	 1 	 0 	 0.5000 	 0.0000 	 0.0312 	 0.0000 
+	 176 	O	 24.5 	 25.0 	C33H18O	H	 431.143134 	 333158912.00 	 432944120.00 	 431.143042 	 -0.0923 	 -0.2142 	 430.6617 	 0.3383 	 -48 	 33 	 18 	 0 	 1 	 0 	 0.5455 	 0.0000 	 0.0303 	 0.0000 
+	 177 	O	 24.5 	 25.0 	C34H20O	H	 445.158748 	 208312832.00 	 271070200.00 	 445.158692 	 -0.0563 	 -0.1264 	 444.6617 	 0.3383 	 -48 	 34 	 20 	 0 	 1 	 0 	 0.5882 	 0.0000 	 0.0294 	 0.0000 
+	 178 	O	 24.5 	 25.0 	C35H22O	H	 459.174436 	 124492456.00 	 124492456.00 	 459.174342 	 -0.0942 	 -0.2052 	 458.6617 	 0.3383 	 -48 	 35 	 22 	 0 	 1 	 0 	 0.6286 	 0.0000 	 0.0286 	 0.0000 
+	 179 	O	 25.5 	 26.0 	C32H14O	H	 415.111798 	 95999832.00 	 95999832.00 	 415.111742 	 -0.0565 	 -0.1361 	 414.6483 	 0.3517 	 -50 	 32 	 14 	 0 	 1 	 0 	 0.4375 	 0.0000 	 0.0312 	 0.0000 
+	 180 	O	 25.5 	 26.0 	C33H16O	H	 429.127472 	 732666304.00 	 953693088.00 	 429.127392 	 -0.0804 	 -0.1874 	 428.6483 	 0.3517 	 -50 	 33 	 16 	 0 	 1 	 0 	 0.4848 	 0.0000 	 0.0303 	 0.0000 
+	 181 	O	 25.5 	 26.0 	C34H18O	H	 443.143111 	 272931328.00 	 345289728.00 	 443.143042 	 -0.0693 	 -0.1565 	 442.6483 	 0.3517 	 -50 	 34 	 18 	 0 	 1 	 0 	 0.5294 	 0.0000 	 0.0294 	 0.0000 
+	 182 	O	 25.5 	 26.0 	C35H20O	H	 457.158772 	 350591584.00 	 455980264.00 	 457.158692 	 -0.0803 	 -0.1756 	 456.6483 	 0.3517 	 -50 	 35 	 20 	 0 	 1 	 0 	 0.5714 	 0.0000 	 0.0286 	 0.0000 
+	 183 	O	 25.5 	 26.0 	C36H22O	H	 471.174390 	 121314744.00 	 121314744.00 	 471.174342 	 -0.0482 	 -0.1023 	 470.6483 	 0.3517 	 -50 	 36 	 22 	 0 	 1 	 0 	 0.6111 	 0.0000 	 0.0278 	 0.0000 
+	 184 	O	 26.5 	 27.0 	C33H14O	H	 427.111811 	 499882400.00 	 629158760.00 	 427.111742 	 -0.0695 	 -0.1627 	 426.6349 	 0.3651 	 -52 	 33 	 14 	 0 	 1 	 0 	 0.4242 	 0.0000 	 0.0303 	 0.0000 
+	 185 	O	 26.5 	 27.0 	C34H16O	H	 441.127462 	 190618112.00 	 253965312.00 	 441.127392 	 -0.0704 	 -0.1596 	 440.6349 	 0.3651 	 -52 	 34 	 16 	 0 	 1 	 0 	 0.4706 	 0.0000 	 0.0294 	 0.0000 
+	 186 	O	 26.5 	 27.0 	C35H18O	H	 455.143172 	 338336320.00 	 450868368.00 	 455.143042 	 -0.1303 	 -0.2864 	 454.6350 	 0.3650 	 -52 	 35 	 18 	 0 	 1 	 0 	 0.5143 	 0.0000 	 0.0286 	 0.0000 
+	 187 	O	 26.5 	 27.0 	C36H20O	H	 469.158803 	 237149440.00 	 312048216.00 	 469.158692 	 -0.1113 	 -0.2372 	 468.6349 	 0.3651 	 -52 	 36 	 20 	 0 	 1 	 0 	 0.5556 	 0.0000 	 0.0278 	 0.0000 
+	 188 	O	 26.5 	 27.0 	C37H22O	H	 483.174466 	 162112480.00 	 217565284.00 	 483.174342 	 -0.1242 	 -0.2571 	 482.6349 	 0.3651 	 -52 	 37 	 22 	 0 	 1 	 0 	 0.5946 	 0.0000 	 0.0270 	 0.0000 
+	 189 	O	 27.5 	 28.0 	C35H16O	H	 453.127520 	 685087232.00 	 882193456.00 	 453.127392 	 -0.1284 	 -0.2834 	 452.6216 	 0.3784 	 -54 	 35 	 16 	 0 	 1 	 0 	 0.4571 	 0.0000 	 0.0286 	 0.0000 
+	 190 	O	 27.5 	 28.0 	C36H18O	H	 467.143132 	 272079968.00 	 349993216.00 	 467.143042 	 -0.0903 	 -0.1934 	 466.6215 	 0.3785 	 -54 	 36 	 18 	 0 	 1 	 0 	 0.5000 	 0.0000 	 0.0278 	 0.0000 
+	 191 	O	 27.5 	 28.0 	C37H20O	H	 481.158746 	 240362144.00 	 321357280.00 	 481.158692 	 -0.0543 	 -0.1128 	 480.6215 	 0.3785 	 -54 	 37 	 20 	 0 	 1 	 0 	 0.5405 	 0.0000 	 0.0270 	 0.0000 
+	 192 	O	 27.5 	 28.0 	C38H22O	H	 495.174416 	 105262200.00 	 105262200.00 	 495.174342 	 -0.0742 	 -0.1499 	 494.6215 	 0.3785 	 -54 	 38 	 22 	 0 	 1 	 0 	 0.5789 	 0.0000 	 0.0263 	 0.0000 
+	 193 	O	 27.5 	 28.0 	C39H24O	H	 509.190012 	 62339176.00 	 62339176.00 	 509.189992 	 -0.0202 	 -0.0396 	 508.6214 	 0.3786 	 -54 	 39 	 24 	 0 	 1 	 0 	 0.6154 	 0.0000 	 0.0256 	 0.0000 
+	 194 	O	 28.5 	 29.0 	C35H14O	H	 451.111784 	 124623368.00 	 124623368.00 	 451.111742 	 -0.0425 	 -0.0942 	 450.6081 	 0.3919 	 -56 	 35 	 14 	 0 	 1 	 0 	 0.4000 	 0.0000 	 0.0286 	 0.0000 
+	 195 	O	 28.5 	 29.0 	C36H16O	H	 465.127455 	 122166216.00 	 122166216.00 	 465.127392 	 -0.0634 	 -0.1363 	 464.6081 	 0.3919 	 -56 	 36 	 16 	 0 	 1 	 0 	 0.4444 	 0.0000 	 0.0278 	 0.0000 
+	 196 	O	 28.5 	 29.0 	C37H18O	H	 479.143116 	 357147008.00 	 470598544.00 	 479.143042 	 -0.0743 	 -0.1552 	 478.6081 	 0.3919 	 -56 	 37 	 18 	 0 	 1 	 0 	 0.4865 	 0.0000 	 0.0270 	 0.0000 
+	 197 	O	 28.5 	 29.0 	C38H20O	H	 493.158826 	 154020576.00 	 213685896.00 	 493.158692 	 -0.1343 	 -0.2723 	 492.6082 	 0.3918 	 -56 	 38 	 20 	 0 	 1 	 0 	 0.5263 	 0.0000 	 0.0263 	 0.0000 
+	 198 	O	 28.5 	 29.0 	C39H22O	H	 507.174487 	 188855968.00 	 253685280.00 	 507.174342 	 -0.1452 	 -0.2863 	 506.6082 	 0.3918 	 -56 	 39 	 22 	 0 	 1 	 0 	 0.5641 	 0.0000 	 0.0256 	 0.0000 
+	 199 	O	 28.5 	 29.0 	C40H24O	H	 521.190083 	 58688348.00 	 58688348.00 	 521.189992 	 -0.0912 	 -0.1749 	 520.6081 	 0.3919 	 -56 	 40 	 24 	 0 	 1 	 0 	 0.6000 	 0.0000 	 0.0250 	 0.0000 
+	 200 	O	 29.5 	 30.0 	C37H16O	H	 477.127513 	 440901728.00 	 578830672.00 	 477.127392 	 -0.1214 	 -0.2545 	 476.5947 	 0.4053 	 -58 	 37 	 16 	 0 	 1 	 0 	 0.4324 	 0.0000 	 0.0270 	 0.0000 
+	 201 	O	 29.5 	 30.0 	C38H18O	H	 491.143165 	 120498528.00 	 120498528.00 	 491.143042 	 -0.1233 	 -0.2511 	 490.5947 	 0.4053 	 -58 	 38 	 18 	 0 	 1 	 0 	 0.4737 	 0.0000 	 0.0263 	 0.0000 
+	 202 	O	 29.5 	 30.0 	C39H20O	H	 505.158809 	 239121616.00 	 324004488.00 	 505.158692 	 -0.1173 	 -0.2322 	 504.5947 	 0.4053 	 -58 	 39 	 20 	 0 	 1 	 0 	 0.5128 	 0.0000 	 0.0256 	 0.0000 
+	 203 	O	 29.5 	 30.0 	C40H22O	H	 519.174428 	 115655040.00 	 115655040.00 	 519.174342 	 -0.0862 	 -0.1661 	 518.5947 	 0.4053 	 -58 	 40 	 22 	 0 	 1 	 0 	 0.5500 	 0.0000 	 0.0250 	 0.0000 
+	 204 	O	 29.5 	 30.0 	C41H24O	H	 533.190100 	 89378320.00 	 89378320.00 	 533.189992 	 -0.1082 	 -0.2028 	 532.5947 	 0.4053 	 -58 	 41 	 24 	 0 	 1 	 0 	 0.5854 	 0.0000 	 0.0244 	 0.0000 
+	 205 	O	 31.5 	 32.0 	C39H16O	H	 501.127514 	 151695712.00 	 207659924.00 	 501.127392 	 -0.1224 	 -0.2443 	 500.5679 	 0.4321 	 -62 	 39 	 16 	 0 	 1 	 0 	 0.4103 	 0.0000 	 0.0256 	 0.0000 
+	 206 	O	 31.5 	 32.0 	C40H18O	H	 515.143152 	 64372176.00 	 64372176.00 	 515.143042 	 -0.1103 	 -0.2142 	 514.5679 	 0.4321 	 -62 	 40 	 18 	 0 	 1 	 0 	 0.4500 	 0.0000 	 0.0250 	 0.0000 
+	 207 	O	 31.5 	 32.0 	C41H20O	H	 529.158818 	 243387024.00 	 332240384.00 	 529.158692 	 -0.1263 	 -0.2386 	 528.5680 	 0.4320 	 -62 	 41 	 20 	 0 	 1 	 0 	 0.4878 	 0.0000 	 0.0244 	 0.0000 
+	 208 	O	 31.5 	 32.0 	C42H22O	H	 543.174478 	 108582456.00 	 108582456.00 	 543.174342 	 -0.1362 	 -0.2508 	 542.5680 	 0.4320 	 -62 	 42 	 22 	 0 	 1 	 0 	 0.5238 	 0.0000 	 0.0238 	 0.0000 
+	 209 	O	 31.5 	 32.0 	C43H24O	H	 557.190132 	 78323720.00 	 78323720.00 	 557.189992 	 -0.1402 	 -0.2515 	 556.5680 	 0.4320 	 -62 	 43 	 24 	 0 	 1 	 0 	 0.5581 	 0.0000 	 0.0233 	 0.0000 
+	 210 	O2	 17.5 	 18.0 	C22H10O2	H	 307.075395 	 769361344.00 	 913115440.00 	 307.075356 	 -0.0390 	 -0.1269 	 306.7325 	 0.2675 	 -34 	 22 	 10 	 0 	 2 	 0 	 0.4545 	 0.0000 	 0.0909 	 0.0000 
+	 211 	O2	 17.5 	 18.0 	C23H12O2	H	 321.091087 	 1086809984.00 	 1269615936.00 	 321.091006 	 -0.0809 	 -0.2520 	 320.7326 	 0.2674 	 -34 	 23 	 12 	 0 	 2 	 0 	 0.5217 	 0.0000 	 0.0870 	 0.0000 
+	 212 	O2	 17.5 	 18.0 	C24H14O2	H	 335.106858 	 385046272.00 	 470805912.00 	 335.106656 	 -0.2019 	 -0.6024 	 334.7327 	 0.2673 	 -34 	 24 	 14 	 0 	 2 	 0 	 0.5833 	 0.0000 	 0.0833 	 0.0000 
+	 213 	O2	 17.5 	 18.0 	C25H16O2	H	 349.122468 	 99735400.00 	 99735400.00 	 349.122306 	 -0.1618 	 -0.4634 	 348.7326 	 0.2674 	 -34 	 25 	 16 	 0 	 2 	 0 	 0.6400 	 0.0000 	 0.0800 	 0.0000 
+	 214 	O2	 17.5 	 18.0 	C26H18O2	H	 363.137976 	 75359024.00 	 75359024.00 	 363.137956 	 -0.0197 	 -0.0543 	 362.7325 	 0.2675 	 -34 	 26 	 18 	 0 	 2 	 0 	 0.6923 	 0.0000 	 0.0769 	 0.0000 
+	 215 	O2	 19.5 	 20.0 	C24H10O2	H	 331.075327 	 161995232.00 	 161995232.00 	 331.075356 	 0.0290 	 0.0876 	 330.7056 	 0.2944 	 -38 	 24 	 10 	 0 	 2 	 0 	 0.4167 	 0.0000 	 0.0833 	 0.0000 
+	 216 	O2	 19.5 	 20.0 	C25H12O2	H	 345.091058 	 137663968.00 	 137663968.00 	 345.091006 	 -0.0519 	 -0.1504 	 344.7057 	 0.2943 	 -38 	 25 	 12 	 0 	 2 	 0 	 0.4800 	 0.0000 	 0.0800 	 0.0000 
+	 217 	O2	 19.5 	 20.0 	C26H14O2	H	 359.106707 	 298868480.00 	 298868480.00 	 359.106656 	 -0.0509 	 -0.1416 	 358.7057 	 0.2943 	 -38 	 26 	 14 	 0 	 2 	 0 	 0.5385 	 0.0000 	 0.0769 	 0.0000 
+	 218 	O2	 19.5 	 20.0 	C27H16O2	H	 373.122517 	 292646784.00 	 374366272.00 	 373.122306 	 -0.2108 	 -0.5649 	 372.7059 	 0.2941 	 -38 	 27 	 16 	 0 	 2 	 0 	 0.5926 	 0.0000 	 0.0741 	 0.0000 
+	 219 	O2	 19.5 	 20.0 	C28H18O2	H	 387.137890 	 167150000.00 	 167150000.00 	 387.137956 	 0.0663 	 0.1712 	 386.7056 	 0.2944 	 -38 	 28 	 18 	 0 	 2 	 0 	 0.6429 	 0.0000 	 0.0714 	 0.0000 
+	 220 	O2	 20.5 	 21.0 	C26H12O2	H	 357.090997 	 1090739456.00 	 1318664960.00 	 357.091006 	 -0.0091 	 -0.0254 	 356.6923 	 0.3077 	 -40 	 26 	 12 	 0 	 2 	 0 	 0.4615 	 0.0000 	 0.0769 	 0.0000 
+	 221 	O2	 20.5 	 21.0 	C27H14O2	H	 371.106808 	 254831824.00 	 318511856.00 	 371.106656 	 -0.1519 	 -0.4092 	 370.6924 	 0.3076 	 -40 	 27 	 14 	 0 	 2 	 0 	 0.5185 	 0.0000 	 0.0741 	 0.0000 
+	 222 	O2	 20.5 	 21.0 	C28H16O2	H	 385.122479 	 249593632.00 	 315015048.00 	 385.122306 	 -0.1728 	 -0.4487 	 384.6924 	 0.3076 	 -40 	 28 	 16 	 0 	 2 	 0 	 0.5714 	 0.0000 	 0.0714 	 0.0000 
+	 223 	O2	 20.5 	 21.0 	C29H18O2	H	 399.138093 	 133140064.00 	 133140064.00 	 399.137956 	 -0.1367 	 -0.3426 	 398.6924 	 0.3076 	 -40 	 29 	 18 	 0 	 2 	 0 	 0.6207 	 0.0000 	 0.0690 	 0.0000 
+	 224 	O2	 20.5 	 21.0 	C30H20O2	H	 413.153628 	 72193712.00 	 72193712.00 	 413.153606 	 -0.0217 	 -0.0524 	 412.6923 	 0.3077 	 -40 	 30 	 20 	 0 	 2 	 0 	 0.6667 	 0.0000 	 0.0667 	 0.0000 
+	 225 	O2	 21.5 	 22.0 	C27H12O2	H	 369.091135 	 63785540.00 	 63785540.00 	 369.091006 	 -0.1289 	 -0.3493 	 368.6790 	 0.3210 	 -42 	 27 	 12 	 0 	 2 	 0 	 0.4444 	 0.0000 	 0.0741 	 0.0000 
+	 226 	O2	 21.5 	 22.0 	C28H14O2	H	 383.106680 	 399408288.00 	 502561408.00 	 383.106656 	 -0.0239 	 -0.0623 	 382.6789 	 0.3211 	 -42 	 28 	 14 	 0 	 2 	 0 	 0.5000 	 0.0000 	 0.0714 	 0.0000 
+	 227 	O2	 21.5 	 22.0 	C29H16O2	H	 397.122517 	 283872416.00 	 358128160.00 	 397.122306 	 -0.2108 	 -0.5308 	 396.6791 	 0.3209 	 -42 	 29 	 16 	 0 	 2 	 0 	 0.5517 	 0.0000 	 0.0690 	 0.0000 
+	 228 	O2	 21.5 	 22.0 	C30H18O2	H	 411.138024 	 185275872.00 	 185275872.00 	 411.137956 	 -0.0677 	 -0.1647 	 410.6789 	 0.3211 	 -42 	 30 	 18 	 0 	 2 	 0 	 0.6000 	 0.0000 	 0.0667 	 0.0000 
+	 229 	O2	 21.5 	 22.0 	C31H20O2	H	 425.153637 	 136223104.00 	 136223104.00 	 425.153606 	 -0.0307 	 -0.0721 	 424.6789 	 0.3211 	 -42 	 31 	 20 	 0 	 2 	 0 	 0.6452 	 0.0000 	 0.0645 	 0.0000 
+	 230 	O2	 22.5 	 23.0 	C28H12O2	H	 381.091224 	 625179136.00 	 767423808.00 	 381.091006 	 -0.2179 	 -0.5718 	 380.6657 	 0.3343 	 -44 	 28 	 12 	 0 	 2 	 0 	 0.4286 	 0.0000 	 0.0714 	 0.0000 
+	 231 	O2	 22.5 	 23.0 	C29H14O2	H	 395.106586 	 269060768.00 	 341775936.00 	 395.106656 	 0.0701 	 0.1775 	 394.6654 	 0.3346 	 -44 	 29 	 14 	 0 	 2 	 0 	 0.4828 	 0.0000 	 0.0690 	 0.0000 
+	 232 	O2	 22.5 	 23.0 	C30H16O2	H	 409.122397 	 226202864.00 	 281619036.00 	 409.122306 	 -0.0908 	 -0.2219 	 408.6656 	 0.3344 	 -44 	 30 	 16 	 0 	 2 	 0 	 0.5333 	 0.0000 	 0.0667 	 0.0000 
+	 233 	O2	 22.5 	 23.0 	C31H18O2	H	 423.138003 	 152475952.00 	 152475952.00 	 423.137956 	 -0.0467 	 -0.1104 	 422.6655 	 0.3345 	 -44 	 31 	 18 	 0 	 2 	 0 	 0.5806 	 0.0000 	 0.0645 	 0.0000 
+	 234 	O2	 22.5 	 23.0 	C32H20O2	H	 437.153654 	 126425608.00 	 126425608.00 	 437.153606 	 -0.0477 	 -0.1090 	 436.6655 	 0.3345 	 -44 	 32 	 20 	 0 	 2 	 0 	 0.6250 	 0.0000 	 0.0625 	 0.0000 
+	 235 	O2	 22.5 	 23.0 	C33H22O2	H	 451.169284 	 56269324.00 	 56269324.00 	 451.169256 	 -0.0276 	 -0.0612 	 450.6655 	 0.3345 	 -44 	 33 	 22 	 0 	 2 	 0 	 0.6667 	 0.0000 	 0.0606 	 0.0000 
+	 236 	O2	 23.5 	 24.0 	C30H14O2	H	 407.106744 	 532517856.00 	 671000656.00 	 407.106656 	 -0.0879 	 -0.2158 	 406.6522 	 0.3478 	 -46 	 30 	 14 	 0 	 2 	 0 	 0.4667 	 0.0000 	 0.0667 	 0.0000 
+	 237 	O2	 23.5 	 24.0 	C31H16O2	H	 421.122353 	 142743776.00 	 142743776.00 	 421.122306 	 -0.0468 	 -0.1111 	 420.6521 	 0.3479 	 -46 	 31 	 16 	 0 	 2 	 0 	 0.5161 	 0.0000 	 0.0645 	 0.0000 
+	 238 	O2	 23.5 	 24.0 	C32H18O2	H	 435.138017 	 235706896.00 	 308212760.00 	 435.137956 	 -0.0607 	 -0.1396 	 434.6521 	 0.3479 	 -46 	 32 	 18 	 0 	 2 	 0 	 0.5625 	 0.0000 	 0.0625 	 0.0000 
+	 239 	O2	 23.5 	 24.0 	C33H20O2	H	 449.153647 	 150641152.00 	 150641152.00 	 449.153606 	 -0.0407 	 -0.0905 	 448.6521 	 0.3479 	 -46 	 33 	 20 	 0 	 2 	 0 	 0.6061 	 0.0000 	 0.0606 	 0.0000 
+	 240 	O2	 23.5 	 24.0 	C34H22O2	H	 463.169316 	 72686424.00 	 72686424.00 	 463.169256 	 -0.0596 	 -0.1287 	 462.6521 	 0.3479 	 -46 	 34 	 22 	 0 	 2 	 0 	 0.6471 	 0.0000 	 0.0588 	 0.0000 
+	 241 	O2	 24.5 	 25.0 	C30H12O2	H	 405.091077 	 201298608.00 	 257172992.00 	 405.091006 	 -0.0709 	 -0.1751 	 404.6387 	 0.3613 	 -48 	 30 	 12 	 0 	 2 	 0 	 0.4000 	 0.0000 	 0.0667 	 0.0000 
+	 242 	O2	 24.5 	 25.0 	C31H14O2	H	 419.106710 	 85694576.00 	 85694576.00 	 419.106656 	 -0.0539 	 -0.1285 	 418.6387 	 0.3613 	 -48 	 31 	 14 	 0 	 2 	 0 	 0.4516 	 0.0000 	 0.0645 	 0.0000 
+	 243 	O2	 24.5 	 25.0 	C32H16O2	H	 433.122381 	 237148672.00 	 311768072.00 	 433.122306 	 -0.0748 	 -0.1727 	 432.6388 	 0.3612 	 -48 	 32 	 16 	 0 	 2 	 0 	 0.5000 	 0.0000 	 0.0625 	 0.0000 
+	 244 	O2	 24.5 	 25.0 	C33H18O2	H	 447.137997 	 189635072.00 	 249771004.00 	 447.137956 	 -0.0407 	 -0.0911 	 446.6387 	 0.3613 	 -48 	 33 	 18 	 0 	 2 	 0 	 0.5455 	 0.0000 	 0.0606 	 0.0000 
+	 245 	O2	 24.5 	 25.0 	C34H20O2	H	 461.153670 	 170957552.00 	 224769556.00 	 461.153606 	 -0.0637 	 -0.1380 	 460.6387 	 0.3613 	 -48 	 34 	 20 	 0 	 2 	 0 	 0.5882 	 0.0000 	 0.0588 	 0.0000 
+	 246 	O2	 24.5 	 25.0 	C35H22O2	H	 475.169312 	 80879472.00 	 80879472.00 	 475.169256 	 -0.0556 	 -0.1170 	 474.6387 	 0.3613 	 -48 	 35 	 22 	 0 	 2 	 0 	 0.6286 	 0.0000 	 0.0571 	 0.0000 
+	 247 	O2	 25.5 	 26.0 	C32H14O2	H	 431.106740 	 498047488.00 	 645772288.00 	 431.106656 	 -0.0839 	 -0.1945 	 430.6254 	 0.3746 	 -50 	 32 	 14 	 0 	 2 	 0 	 0.4375 	 0.0000 	 0.0625 	 0.0000 
+	 248 	O2	 25.5 	 26.0 	C33H16O2	H	 445.122321 	 120658424.00 	 120658424.00 	 445.122306 	 -0.0148 	 -0.0332 	 444.6253 	 0.3747 	 -50 	 33 	 16 	 0 	 2 	 0 	 0.4848 	 0.0000 	 0.0606 	 0.0000 
+	 249 	O2	 25.5 	 26.0 	C34H18O2	H	 459.138084 	 254122656.00 	 331593072.00 	 459.137956 	 -0.1277 	 -0.2782 	 458.6254 	 0.3746 	 -50 	 34 	 18 	 0 	 2 	 0 	 0.5294 	 0.0000 	 0.0588 	 0.0000 
+	 250 	O2	 25.5 	 26.0 	C35H20O2	H	 473.153649 	 153034384.00 	 153034384.00 	 473.153606 	 -0.0427 	 -0.0902 	 472.6253 	 0.3747 	 -50 	 35 	 20 	 0 	 2 	 0 	 0.5714 	 0.0000 	 0.0571 	 0.0000 
+	 251 	O2	 25.5 	 26.0 	C36H22O2	H	 487.169338 	 81651328.00 	 81651328.00 	 487.169256 	 -0.0816 	 -0.1675 	 486.6254 	 0.3746 	 -50 	 36 	 22 	 0 	 2 	 0 	 0.6111 	 0.0000 	 0.0556 	 0.0000 
+	 252 	O2	 27.5 	 28.0 	C34H14O2	H	 455.106752 	 270965312.00 	 349123728.00 	 455.106656 	 -0.0959 	 -0.2106 	 454.5986 	 0.4014 	 -54 	 34 	 14 	 0 	 2 	 0 	 0.4118 	 0.0000 	 0.0588 	 0.0000 
+	 253 	O2	 27.5 	 28.0 	C35H16O2	H	 469.122420 	 89562360.00 	 89562360.00 	 469.122306 	 -0.1138 	 -0.2426 	 468.5986 	 0.4014 	 -54 	 35 	 16 	 0 	 2 	 0 	 0.4571 	 0.0000 	 0.0571 	 0.0000 
+	 254 	O2	 27.5 	 28.0 	C36H18O2	H	 483.138054 	 220177376.00 	 293783648.00 	 483.137956 	 -0.0977 	 -0.2023 	 482.5986 	 0.4014 	 -54 	 36 	 18 	 0 	 2 	 0 	 0.5000 	 0.0000 	 0.0556 	 0.0000 
+	 255 	O2	 27.5 	 28.0 	C37H20O2	H	 497.153667 	 151268880.00 	 151268880.00 	 497.153606 	 -0.0607 	 -0.1220 	 496.5985 	 0.4015 	 -54 	 37 	 20 	 0 	 2 	 0 	 0.5405 	 0.0000 	 0.0541 	 0.0000 
+	 256 	O2	 27.5 	 28.0 	C38H22O2	H	 511.169292 	 104413744.00 	 104413744.00 	 511.169256 	 -0.0356 	 -0.0696 	 510.5985 	 0.4015 	 -54 	 38 	 22 	 0 	 2 	 0 	 0.5789 	 0.0000 	 0.0526 	 0.0000 
+	 257 	O2	 28.5 	 29.0 	C36H16O2	H	 481.122418 	 258908832.00 	 337954272.00 	 481.122306 	 -0.1118 	 -0.2324 	 480.5852 	 0.4148 	 -56 	 36 	 16 	 0 	 2 	 0 	 0.4444 	 0.0000 	 0.0556 	 0.0000 
+	 258 	O2	 28.5 	 29.0 	C37H18O2	H	 495.138075 	 108604528.00 	 108604528.00 	 495.137956 	 -0.1187 	 -0.2398 	 494.5852 	 0.4148 	 -56 	 37 	 18 	 0 	 2 	 0 	 0.4865 	 0.0000 	 0.0541 	 0.0000 
+	 259 	O2	 28.5 	 29.0 	C38H20O2	H	 509.153689 	 188856416.00 	 251425192.00 	 509.153606 	 -0.0827 	 -0.1624 	 508.5852 	 0.4148 	 -56 	 38 	 20 	 0 	 2 	 0 	 0.5263 	 0.0000 	 0.0526 	 0.0000 
+	 260 	O2	 28.5 	 29.0 	C39H22O2	H	 523.169395 	 99173672.00 	 99173672.00 	 523.169256 	 -0.1386 	 -0.2649 	 522.5852 	 0.4148 	 -56 	 39 	 22 	 0 	 2 	 0 	 0.5641 	 0.0000 	 0.0513 	 0.0000 
+	 261 	O2	 28.5 	 29.0 	C40H24O2	H	 537.185023 	 63639920.00 	 63639920.00 	 537.184906 	 -0.1165 	 -0.2169 	 536.5852 	 0.4148 	 -56 	 40 	 24 	 0 	 2 	 0 	 0.6000 	 0.0000 	 0.0500 	 0.0000 
+	 262 	O2	 29.5 	 30.0 	C36H14O2	H	 479.106761 	 63021436.00 	 63021436.00 	 479.106656 	 -0.1049 	 -0.2189 	 478.5718 	 0.4282 	 -58 	 36 	 14 	 0 	 2 	 0 	 0.3889 	 0.0000 	 0.0556 	 0.0000 
+	 263 	O2	 29.5 	 30.0 	C38H18O2	H	 507.138078 	 154678928.00 	 211611144.00 	 507.137956 	 -0.1217 	 -0.2400 	 506.5718 	 0.4282 	 -58 	 38 	 18 	 0 	 2 	 0 	 0.4737 	 0.0000 	 0.0526 	 0.0000 
+	 264 	O2	 29.5 	 30.0 	C39H20O2	H	 521.153758 	 142623568.00 	 200591244.00 	 521.153606 	 -0.1517 	 -0.2910 	 520.5718 	 0.4282 	 -58 	 39 	 20 	 0 	 2 	 0 	 0.5128 	 0.0000 	 0.0513 	 0.0000 
+	 265 	O2	 29.5 	 30.0 	C40H22O2	H	 535.169406 	 133779392.00 	 187310168.00 	 535.169256 	 -0.1496 	 -0.2795 	 534.5718 	 0.4282 	 -58 	 40 	 22 	 0 	 2 	 0 	 0.5500 	 0.0000 	 0.0500 	 0.0000 
+	 266 	O2	 29.5 	 30.0 	C41H24O2	H	 549.184969 	 59071144.00 	 59071144.00 	 549.184906 	 -0.0625 	 -0.1139 	 548.5717 	 0.4283 	 -58 	 41 	 24 	 0 	 2 	 0 	 0.5854 	 0.0000 	 0.0488 	 0.0000 
